1000000097880003
2000000200000000
0000000000002004
0000000000000000
0000000000000000
0000000000000000
0000000000002000
0000000000000000
0000000000000000
0000000000000000
0000000000000000
0000000000000000
0000000000000000
0000000000000000
0008000000000000
0000000000000000
0000000000000000
0000000000000000
8C87000300000000
0000010008000008
1000000080000000
0000000000000000
0000000000000000
0000000000000000
0000000000000000
0000000000000000
0000000000000800
0000000000000000
0000000000000000
0000000000000000
0000000000000000
0000000000000000
0000000000000000
0000000000000000
0000000000000000
0000000000000000
0000200000000000
00022000A0E50003
0001000000200040
0000000000000000
0000000000000000
0000000000000000
0000000000000000
0000000000000000
0000000020000000
0000000000000000
0000000000000000
0000000000000000
0000000000000000
0000080000000000
0000000000000000
0000000000000000
0000000000000000
0000000000000000
0000000000000000
EC24000300000000
0000000002000000
0200000090004000
0000000000000000
0000000000000000
0000000000000000
0000000000000000
0000000000000000
0000000000000000
0000000000000000
0000000000000000
0000000000000000
0002000000000000
0000000000000000
0000020000000000
0000000000000000
0000000000000000
0000000000000000
0000000000000000
0000000000000000
0000000000000000
0000000000000000
0000000000000000
0000000000000000
0000000000000000
0000000000000000
0000000000000000
0000000000000000
0000000000000000
0000000000000000
0000000000000000
0000000000000000
0000000000000000
0000000000000000
0000000000000000
0100000000000000
0200000000000000
0300000000000000
0400000000000000
0500000000000000
0600000000000000
0700000000000000
0800000000000000
0900000000000000
0A00000000000000
0100000000001000
0200000000001000
0300000000001000
0400000000001000
0500000000001000
0600000000001000
0700000000001000
0800000000001000
0900000000001000
0A00000000001000
0100000000002000
0200000000002000
0300000000002000
0400000000002000
0500000000002000
0600000000002000
0700000000002000
0800000000002000
0900000000002000
0A00000000002000
0100000000003000
0200000000003000
0300000000003000
0400000000003000
0500000000003000
0600000000003000
0700000000003000
0800000000003000
0900000000003000
0A00000000003000
0000000000000000
0000000000000000
0000000000000000
0000000000000000
0000000000000000
0000000000000000
0000000000000000
0000000000000000
0000000000000000
0000000000000000
0100000000010B80
0200000000010B80
0300000000010B80
0400000000010B80
0500000000010B80
0600000000010B80
0700000000010B80
0800000000010B80
0900000000010B80
0A00000000010B80
0000000000000000
0000000000000000
0000000000000000
0000000000000000
0000000000000000
0000000000000000
0000000000000000
0000000000000000
0000000000000000
0000000000000000
0000000000000000
0000000000000000
0000000000000000
0000000000000000
0000000000000000
0000000000000000
0000000000000000
0000000000000000
0000000000000000
0000000000000000
0000000000000000
0000000000000000
0000000000000000
0000000000000000
0000000000000000
0000000000000000
0000000000000000
0000000000000000
0000000000000000
0000000000000000
0100000000009000
0200000000009000
0300000000009000
0400000000009000
0500000000009000
0600000000009000
0700000000009000
0800000000009000
0900000000009000
0A00000000009000
0000000000000000
0000000000000000
0000000000000000
0000000000000000
0000000000000000
0000000000000000
0000000000000000
0000000000000000
0000000000000000
0000000000000000
0100000000011BC0
0200000000011BC0
0300000000011BC0
0400000000011BC0
0500000000011BC0
0600000000011BC0
0700000000011BC0
0800000000011BC0
0900000000011BC0
0A00000000011BC0
0100000000011040
0200000000011040
0300000000011040
0400000000011040
0500000000011040
0600000000011040
0700000000011040
0800000000011040
0900000000011040
0A00000000011040
0000000000000000
0000000000000000
0000000000000000
0000000000000000
0000000000000000
0000000000000000
0000000000000000
0000000000000000
0000000000000000
0000000000000000
0100000000010800
0200000000010800
0300000000010800
0400000000010800
0500000000010800
0600000000010800
0700000000010800
0800000000010800
0900000000010800
0A00000000010800
0000000000000000
0000000000000000
0000000000000000
0000000000000000
0000000000000000
0000000000000000
0000000000000000
0000000000000000
0000000000000000
0000000000000000
0100000000008200
0200000000008200
0300000000008200
0400000000008200
0500000000008200
0600000000008200
0700000000008200
0800000000008200
0900000000008200
0A00000000008200
0100000000013BC0
0200000000013BC0
0300000000013BC0
0400000000013BC0
0500000000013BC0
0600000000013BC0
0700000000013BC0
0800000000013BC0
0900000000013BC0
0A00000000013BC0
0000000000000000
0000000000000000
0000000000000000
0000000000000000
0000000000000000
0000000000000000
0000000000000000
0000000000000000
0000000000000000
0000000000000000
0000000000000000
0000000000000000
0000000000000000
0000000000000000
0000000000000000
0000000000000000
0000000000000000
0000000000000000
0000000000000000
0000000000000000
0000000000000000
0000000000000000
0000000000000000
0000000000000000
0000000000000000
0000000000000000
0000000000000000
0000000000000000
0000000000000000
0000000000000000
0000000000000000
0000000000000000
0000000000000000
0000000000000000
0000000000000000
0000000000000000
0000000000000000
0000000000000000
0000000000000000
0000000000000000
0000000000000000
0000000000000000
0000000000000000
0000000000000000
0000000000000000
0000000000000000
0000000000000000
0000000000000000
0000000000000000
0000000000000000
0000000000000000
0000000000000000
0000000000000000
0000000000000000
0000000000000000
0000000000000000
0000000000000000
0000000000000000
0000000000000000
0000000000000000
0000000000000000
0000000000000000
0000000000000000
0000000000000000
0000000000000000
0000000000000000
0000000000000000
0000000000000000
0000000000000000
0000000000000000
0100000000011340
0200000000011340
0300000000011340
0400000000011340
0500000000011340
0600000000011340
0700000000011340
0800000000011340
0900000000011340
0A00000000011340
010000000000A400
020000000000A400
030000000000A400
040000000000A400
050000000000A400
060000000000A400
070000000000A400
080000000000A400
090000000000A400
0A0000000000A400
010000000000B400
020000000000B400
030000000000B400
040000000000B400
050000000000B400
060000000000B400
070000000000B400
080000000000B400
090000000000B400
0A0000000000B400
0100000000012180
0200000000012180
0300000000012180
0400000000012180
0500000000012180
0600000000012180
0700000000012180
0800000000012180
0900000000012180
0A00000000012180
0000000000000000
0000000000000000
0000000000000000
0000000000000000
0000000000000000
0000000000000000
0000000000000000
0000000000000000
0000000000000000
0000000000000000
0000000000000000
0000000000000000
0000000000000000
0000000000000000
0000000000000000
0000000000000000
0000000000000000
0000000000000000
0000000000000000
0000000000000000
0000000000000000
0000000000000000
0000000000000000
0000000000000000
0000000000000000
0000000000000000
0000000000000000
0000000000000000
0000000000000000
0000000000000000
0100000000008600
0200000000008600
0300000000008600
0400000000008600
0500000000008600
0600000000008600
0700000000008600
0800000000008600
0900000000008600
0A00000000008600
0100000000009600
0200000000009600
0300000000009600
0400000000009600
0500000000009600
0600000000009600
0700000000009600
0800000000009600
0900000000009600
0A00000000009600
010000000000A600
020000000000A600
030000000000A600
040000000000A600
050000000000A600
060000000000A600
070000000000A600
080000000000A600
090000000000A600
0A0000000000A600
0100000000012680
0200000000012680
0300000000012680
0400000000012680
0500000000012680
0600000000012680
0700000000012680
0800000000012680
0900000000012680
0A00000000012680
0000000000000000
0000000000000000
0000000000000000
0000000000000000
0000000000000000
0000000000000000
0000000000000000
0000000000000000
0000000000000000
0000000000000000
0000000000000000
0000000000000000
0000000000000000
0000000000000000
0000000000000000
0000000000000000
0000000000000000
0000000000000000
0000000000000000
0000000000000000
0000000000000000
0000000000000000
0000000000000000
0000000000000000
0000000000000000
0000000000000000
0000000000000000
0000000000000000
0000000000000000
0000000000000000
0000000000000000
0000000000000000
0000000000000000
0000000000000000
0000000000000000
0000000000000000
0000000000000000
0000000000000000
0000000000000000
0000000000000000
0100000000008800
0200000000008800
0300000000008800
0400000000008800
0500000000008800
0600000000008800
0700000000008800
0800000000008800
0900000000008800
0A00000000008800
0000000000000000
0000000000000000
0000000000000000
0000000000000000
0000000000000000
0000000000000000
0000000000000000
0000000000000000
0000000000000000
0000000000000000
0000000000000000
0000000000000000
0000000000000000
0000000000000000
0000000000000000
0000000000000000
0000000000000000
0000000000000000
0000000000000000
0000000000000000
0000000000000000
0000000000000000
0000000000000000
0000000000000000
0000000000000000
0000000000000000
0000000000000000
0000000000000000
0000000000000000
0000000000000000
0000000000000000
0000000000000000
0000000000000000
0000000000000000
0000000000000000
0000000000000000
0000000000000000
0000000000000000
0000000000000000
0000000000000000
0000000000000000
0000000000000000
0000000000000000
0000000000000000
0000000000000000
0000000000000000
0000000000000000
0000000000000000
0000000000000000
0000000000000000
0000000000000000
0000000000000000
0000000000000000
0000000000000000
0000000000000000
0000000000000000
0000000000000000
0000000000000000
0000000000000000
0000000000000000
0000000000000000
0000000000000000
0000000000000000
0000000000000000
0000000000000000
0000000000000000
0000000000000000
0000000000000000
0000000000000000
0000000000000000
0100000000013300
0200000000013300
0300000000013300
0400000000013300
0500000000013300
0600000000013300
0700000000013300
0800000000013300
0900000000013300
0A00000000013300
0100000000009A00
0200000000009A00
0300000000009A00
0400000000009A00
0500000000009A00
0600000000009A00
0700000000009A00
0800000000009A00
0900000000009A00
0A00000000009A00
0000000000000000
0000000000000000
0000000000000000
0000000000000000
0000000000000000
0000000000000000
0000000000000000
0000000000000000
0000000000000000
0000000000000000
010000000000BA00
020000000000BA00
030000000000BA00
040000000000BA00
050000000000BA00
060000000000BA00
070000000000BA00
080000000000BA00
090000000000BA00
0A0000000000BA00
0000000000000000
0000000000000000
0000000000000000
0000000000000000
0000000000000000
0000000000000000
0000000000000000
0000000000000000
0000000000000000
0000000000000000
010000000001AA28
020000000001AA28
030000000001AA28
040000000001AA28
050000000001AA28
060000000001AA28
070000000001AA28
080000000001AA28
090000000001AA28
0A0000000001AA28
0100000000010D80
0200000000010D80
0300000000010D80
0400000000010D80
0500000000010D80
0600000000010D80
0700000000010D80
0800000000010D80
0900000000010D80
0A00000000010D80
010000000001B9C0
020000000001B9C0
030000000001B9C0
040000000001B9C0
050000000001B9C0
060000000001B9C0
070000000001B9C0
080000000001B9C0
090000000001B9C0
0A0000000001B9C0
0100000000013F00
0200000000013F00
0300000000013F00
0400000000013F00
0500000000013F00
0600000000013F00
0700000000013F00
0800000000013F00
0900000000013F00
0A00000000013F00
0100000000018C48
0200000000018C48
0300000000018C48
0400000000018C48
0500000000018C48
0600000000018C48
0700000000018C48
0800000000018C48
0900000000018C48
0A00000000018C48
010000000000AC00
020000000000AC00
030000000000AC00
040000000000AC00
050000000000AC00
060000000000AC00
070000000000AC00
080000000000AC00
090000000000AC00
0A0000000000AC00
010000000000BC00
020000000000BC00
030000000000BC00
040000000000BC00
050000000000BC00
060000000000BC00
070000000000BC00
080000000000BC00
090000000000BC00
0A0000000000BC00
0000000000000000
0000000000000000
0000000000000000
0000000000000000
0000000000000000
0000000000000000
0000000000000000
0000000000000000
0000000000000000
0000000000000000
0000000000000000
0000000000000000
0000000000000000
0000000000000000
0000000000000000
0000000000000000
0000000000000000
0000000000000000
0000000000000000
0000000000000000
0000000000000000
0000000000000000
0000000000000000
0000000000000000
0000000000000000
0000000000000000
0000000000000000
0000000000000000
0000000000000000
0000000000000000
0100000000012200
0200000000012200
0300000000012200
0400000000012200
0500000000012200
0600000000012200
0700000000012200
0800000000012200
0900000000012200
0A00000000012200
0100000000008E00
0200000000008E00
0300000000008E00
0400000000008E00
0500000000008E00
0600000000008E00
0700000000008E00
0800000000008E00
0900000000008E00
0A00000000008E00
0100000000009E00
0200000000009E00
0300000000009E00
0400000000009E00
0500000000009E00
0600000000009E00
0700000000009E00
0800000000009E00
0900000000009E00
0A00000000009E00
010000000000AE00
020000000000AE00
030000000000AE00
040000000000AE00
050000000000AE00
060000000000AE00
070000000000AE00
080000000000AE00
090000000000AE00
0A0000000000AE00
010000000000BE00
020000000000BE00
030000000000BE00
040000000000BE00
050000000000BE00
060000000000BE00
070000000000BE00
080000000000BE00
090000000000BE00
0A0000000000BE00
0000000000000000
0000000000000000
0000000000000000
0000000000000000
0000000000000000
0000000000000000
0000000000000000
0000000000000000
0000000000000000
0000000000000000
0000000000000000
0000000000000000
0000000000000000
0000000000000000
0000000000000000
0000000000000000
0000000000000000
0000000000000000
0000000000000000
0000000000000000
0000000000000000
0000000000000000
0000000000000000
0000000000000000
0000000000000000
0000000000000000
0000000000000000
0000000000000000
0000000000000000
0000000000000000
0000000000000000
0000000000000000
0000000000000000
0000000000000000
0000000000000000
0000000000000000
0000000000000000
0000000000000000
0000000000000000
0000000000000000
0000000000000000
0000000000000000
0000000000000000
0000000000000000
0000000000000000
0000000000000000
0000000000000000
0000000000000000
0000000000000000
0000000000000000
0000000000000000
0000000000000000
0000000000000000
0000000000000000
0000000000000000
0000000000000000
0000000000000000
0000000000000000
0000000000000000
0000000000000000
01000000000183B0
02000000000183B0
03000000000183B0
04000000000183B0
05000000000183B0
06000000000183B0
07000000000183B0
08000000000183B0
09000000000183B0
0A000000000183B0
010000000001BBA0
020000000001BBA0
030000000001BBA0
040000000001BBA0
050000000001BBA0
060000000001BBA0
070000000001BBA0
080000000001BBA0
090000000001BBA0
0A0000000001BBA0
0000000000000000
0000000000000000
0000000000000000
0000000000000000
0000000000000000
0000000000000000
0000000000000000
0000000000000000
0000000000000000
0000000000000000
0100000000019FB0
0200000000019FB0
0300000000019FB0
0400000000019FB0
0500000000019FB0
0600000000019FB0
0700000000019FB0
0800000000019FB0
0900000000019FB0
0A00000000019FB0
0000000000000000
0000000000000000
0000000000000000
0000000000000000
0000000000000000
0000000000000000
0000000000000000
0000000000000000
0000000000000000
0000000000000000
0000000000000000
0000000000000000
0000000000000000
0000000000000000
0000000000000000
0000000000000000
0000000000000000
0000000000000000
0000000000000000
0000000000000000
0000000000000000
0000000000000000
0000000000000000
0000000000000000
0000000000000000
0000000000000000
0000000000000000
0000000000000000
0000000000000000
0000000000000000
0000000000000000
0000000000000000
0000000000000000
0000000000000000
0000000000000000
0000000000000000
0000000000000000
0000000000000000
0000000000000000
0000000000000000
0000000000000000
0000000000000000
0000000000000000
0000000000000000
0000000000000000
0000000000000000
0000000000000000
0000000000000000
0000000000000000
0000000000000000
0000000000000000
0000000000000000
0000000000000000
0000000000000000
0000000000000000
0000000000000000
0000000000000000
0000000000000000
0000000000000000
0000000000000000
0000000000000000
0000000000000000
0000000000000000
0000000000000000
0000000000000000
0000000000000000
0000000000000000
0000000000000000
0000000000000000
0000000000000000
0100000000019528
0200000000019528
0300000000019528
0400000000019528
0500000000019528
0600000000019528
0700000000019528
0800000000019528
0900000000019528
0A00000000019528
010000000001A4F0
020000000001A4F0
030000000001A4F0
040000000001A4F0
050000000001A4F0
060000000001A4F0
070000000001A4F0
080000000001A4F0
090000000001A4F0
0A0000000001A4F0
0000000000000000
0000000000000000
0000000000000000
0000000000000000
0000000000000000
0000000000000000
0000000000000000
0000000000000000
0000000000000000
0000000000000000
0000000000000000
0000000000000000
0000000000000000
0000000000000000
0000000000000000
0000000000000000
0000000000000000
0000000000000000
0000000000000000
0000000000000000
0000000000000000
0000000000000000
0000000000000000
0000000000000000
0000000000000000
0000000000000000
0000000000000000
0000000000000000
0000000000000000
0000000000000000
0000000000000000
0000000000000000
0000000000000000
0000000000000000
0000000000000000
0000000000000000
0000000000000000
0000000000000000
0000000000000000
0000000000000000
3C00400042003E00
3E803F003F804000
3C00400042003E00
3E803F003F804000
3C00400042003E00
3E803F003F804000
3C00400042003E00
3E803F003F804000
0000000000000000
0000000000000000
0000000000000000
0000000000000000
0000000000000000
0000000000000000
0000000000000000
0000000000000000
0000000000000000
0000000000000000
0000000000000000
0000000000000000
0000000000000000
0000000000000000
0000000000000000
0000000000000000